0 61 55 70 63 50 7 44 20 9 14 61 69 39 71 75 6 48 76 10.4964
16 16 75 62 49 6 41 38 8 13 28 40 47 70 16 52 0 77 

1 63 57 78 65 52 9 24 68 11 16 31 43 50 73 19 55 1 10 12.4259 (12/18)
  16 16 75 62 49 6 41 38 8 13 28 40 47 70 16 52 0 77 

2 60 16 75 62 49 59 41 21 8 13 28 15 47 70 16 47 83 23 11.1185
16 16 75 62 49 6 41 38 8 13 28 40 47 70 16 52 0 77 

3 60 54 11 62 25 53 41 21 8 13 34 25 38 47 7 54 26 33 10.3771
16 16 75 62 49 6 41 38 8 13 28 40 47 70 16 52 0 77 

4 61 55 76 63 50 7 42 20 9 14 29 41 48 48 17 53 84 76 12.4912
16 16 75 62 49 6 41 38 8 13 28 40 47 70 16 52 0 77 

5 61 79 47 63 15 7 51 22 75 14 49 69 82 87 2 27 5 24 9.93075
16 16 75 62 49 6 41 38 8 13 28 40 47 70 16 52 0 77 

6 70 32 58 63 82 7 42 22 9 14 35 41 48 87 26 53 73 78 10.6972
16 16 75 62 49 6 41 38 8 13 28 40 47 70 16 52 0 77 

7 63 57 78 65 52 62 53 59 11 16 63 43 41 50 19 55 86 80 12.7842
  16 16 75 62 49 6  41 38 8 13 28 40 47 70 16 52 0 77 

8 61 55 76 63 50 60 42 76 9 14 61 41 39 71 17 53 84 76 12.2898
  16 16 75 62 49 6  41 38 8 13 28 40 47 70 16 52 0 77 

9 60 54 25 62 49 6 50 67 74 13 60 42 38 47 16 54 83 33 10.8621
16 16 75 62 49 6 41 38 8 13 28 40 47 70 16 52 0 77 

